Autoencoder: 16.406132424335617
PCA: 16.283913993444422

